m: 5.9604644775390625e-06
m: 1.1920928955078125e-05
v: 3.337860107421875e-06
v: 2.86102294921875e-06
m50: 0.00036406517028808594
m50: 0.00036025047302246094
v50: 1.7881393432617188e-05
v50: 1.6689300537109375e-05
mm: 2.9087066650390625e-05
vm: 7.62939453125e-06
mm50: 0.00810551643371582
vm50: 0.00015020370483398438
m: 5.7220458984375e-06
m: 8.821487426757812e-06
v: 3.0994415283203125e-06
v: 3.5762786865234375e-06
m50: 0.00034809112548828125
m50: 0.0003509521484375
v50: 1.1920928955078125e-05
v50: 1.6927719116210938e-05
mm: 2.7418136596679688e-05
vm: 7.867813110351562e-06
mm50: 0.008183956146240234
vm50: 0.00014853477478027344
